residue  ensemble  template
0 0.0014483724195311165 0
1 0.0009844264378001558 0
2 0.0018833934253459975 0
3 0.0006734881634444015 0
4 0.015004762302635715 0
5 0.010031352163442425 0
6 0.001718007906019941 0
7 0.0003837958961890548 0
8 0.006040284266234713 0
9 0.0027519212165026956 0
10 0.002903819703747354 0
11 0.010672592612811513 0
12 0.0037854568151570937 0
13 0.0022798786950600537 0
14 0.0035107278868941254 0
15 0.004615609376555458 0
16 0.0051939650035395125 0
17 0.017722775469540476 0
18 0.013737554855492258 0
19 0.003741752378374578 0
20 0.0037999773873026344 0
21 0.0023833221106132106 0
22 0.0003875008598106277 0
23 0.0014886386269868791 0
24 0.0006212828790136557 0
25 0.005301461739299898 0
26 0.0010417746571238023 0
27 0.0028425239815032116 0
28 0.0039322673097142045 0
29 0.005677222939830151 0
30 0.0011055554968758428 0
31 0.0030129745406715282 0
32 0.00026785637748671503 0
33 0.001655702266048631 0
34 0.00035422030332775824 0
35 0.0010789950433540065 0
36 0.0010983776619727448 0
37 0.003676232031447766 0
38 0.006153896388199774 0
39 0.008197672738826893 0
40 0.003744862152420595 0
41 0.008538689399469153 0
42 0.864846559762566 1
43 0.9818146001335919 1
44 0.9814151107958229 1
45 0.9873206577402945 1
46 0.4853493897779835 0
47 0.9782005441155501 1
48 0.9759642511730591 1
49 0.975399399623268 1
50 0.980775185992961 1
51 0.13614643301366536 0
52 0.07878498897274167 0
53 0.004318462897586557 0
54 0.010116394060766209 0
55 0.0057677155035215305 0
56 0.0018637393441587507 0
57 0.00043630961570017944 0
58 0.004106591561009335 0
59 0.004139575216334195 0
60 0.00123924294154404 0
61 0.0009705815565473723 0
62 0.002075305680890254 0
63 0.0025869692165312297 0
64 0.00027512507241187785 0
65 0.0010059027886335744 0
66 0.000881402315022769 0
67 0.0010133206149229614 0
68 0.0005711156389552275 0
69 0.0019234195566208059 0
70 0.010569647568915997 0
71 0.002915725014426466 0
72 0.02283040697972894 0
73 0.007777611477839056 0
74 0.022520306085341148 0
75 0.039224259136361385 0
76 0.8445069164674479 1
77 0.9619474458567029 1
78 0.7675270093024225 1
79 0.11887927513301433 0
80 0.08147014981638341 0
81 0.056829169663533824 0
82 0.00648300137967208 0
83 0.8618645404959471 1
84 0.011887090633473027 0
85 0.0121876065163217 0
86 0.006784231900015532 0
87 0.0007858438760205643 0
88 0.01859114429975338 0
89 0.002274052593515494 0
90 0.0031800665069780386 0
91 0.007584426194213554 0
92 0.0010373273892148882 0
93 0.002649836133471789 0
94 0.005479793991165183 0
95 0.01355656205981178 0
96 0.001912007855033028 0
97 0.0030517924889056705 0
98 0.0014107621293766633 0
99 0.003894545554734948 0
100 0.007782296319974253 0
101 0.0036750060698103313 0
102 0.00464212100359806 0
103 0.03138160898433471 0
104 0.05405428747313067 0
105 0.08670772601792612 0
106 0.07690574461257556 0
107 0.034346076357730716 0
108 0.009552138200837713 0
109 0.05652915408281346 0
110 0.01622682404310984 0
111 0.006286367559189896 0
112 0.010263777360739215 0
113 0.02012798707840532 0
114 0.0029730195195216387 0
115 0.0030019015986272575 0
116 0.006862509878128848 0
117 0.0019235229468615972 0
118 0.002128783071710921 0
119 0.0007723798767801727 0
120 0.0031428608121561383 0
121 0.0022092947421263713 0
122 0.0010256779860952654 0
123 0.0007220485509918643 0
124 0.0024089101194240685 0
125 0.003796132614098271 0
126 0.0010375626123913088 0
127 0.02491518944228819 0
128 0.012138366556583883 0
129 0.01562362970759013 0
130 0.0289201907500058 0
131 0.045224452368804686 0
132 0.14921592252719304 0
133 0.005520472862014019 0
134 0.013633960005191225 0
135 0.038778341641930954 0
136 0.043391951703784036 0
137 0.01165074145668801 0
138 0.9055592500453367 1
139 0.021194384678827095 0
140 0.00996107267380296 0
141 0.002579277520233915 0
142 0.0065826967313889085 0
143 0.020216366137377567 0
144 0.005060351417323854 0
145 0.004846945267770128 0
146 0.007109619531322022 0
147 0.0021378487073534813 0
148 0.0016282141479273882 0
149 0.001775789406555627 0
150 0.004545937306969663 0
151 0.0009766996251042567 0
152 0.0027060981744655935 0
153 0.0061794340160409075 0
154 0.08981151152651097 0
155 0.07108455140502956 0
156 0.8975388417629225 1
157 0.17500365105395607 0
158 0.12111109065317216 0
159 0.01626785753187674 0
160 0.03661889569489411 0
161 0.8734525657654169 1
162 0.012722440652800667 0
163 0.0020584257026397324 0
164 0.006262698788838044 0
165 0.02082551948535676 0
166 0.036125139338165246 0
167 0.012535290016370954 0
168 0.03844054850913917 0
169 0.13364070082821852 0
170 0.06764630987884446 0
171 0.010502678590724812 0
172 0.8643924064052944 1
173 0.022995290647427363 0
174 0.007897074974718518 0
175 0.002781939351483868 0
176 0.03796923065584327 0
177 0.048807723140612325 0
178 0.018997697721199 0
179 0.01876184002883441 0
180 0.10783660180823071 0
181 0.02671390104770112 0
182 0.01300288104544973 0
183 0.08100242046487069 0
184 0.04959610113102991 0
185 0.8956570758979425 1
186 0.02298971550788016 0
187 0.016318483835675933 0
188 0.0013777481034043817 0
189 0.007328557854375169 0
190 0.0019442556580077782 0
191 0.002356116530782296 0
192 0.0003044250561737603 0
193 0.0004988851920269 0
194 0.001644407496460464 0
195 0.002912250519752827 0
196 0.0007536849886473437 0
197 0.003812400770914241 0
198 0.00297605233905614 0
199 0.004261891010256083 0
200 0.002890076943194461 0
201 0.006185753890692061 0
202 0.011191950917725357 0
203 0.0005245026055572121 0
204 0.10272410498236921 0
205 0.00777268796645979 0
206 0.9411120529093558 1
207 0.8886596532151028 1
208 0.06256614691506789 0
209 0.07128259413331449 0
210 0.019038409650777858 0
211 0.004623177587053879 0
212 0.0002510555135839298 0
213 0.001716495202830678 0
214 0.002257929695021273 0
215 0.003117670752916724 0
216 0.00510865633543038 0
217 0.03059178567009344 0
218 0.008249600821360252 0
219 0.011969759642391956 0
220 0.021464448824228707 0
221 0.0036466285053405652 0
222 0.010688958996922595 0
223 0.03351942481728003 0
224 0.01643968699704153 0
225 0.00708140038574114 0
226 0.02025243633913046 0
227 0.06441263084136829 0
228 0.002599736531740429 0
229 0.045237039838142784 0
230 0.0023979347612135835 0
231 0.03727915773441578 0
232 0.0007396496375880663 0
233 0.03289050092806405 0
234 0.0076486994762295455 0
235 0.01931913003837811 0
236 0.0014559904592663432 0
237 0.013640989773736666 0
238 0.0035729797773960395 0
239 0.00850076571224344 0
240 0.0033060809915744995 0
241 0.0007971208657082398 0
242 0.0010813875223714008 0
243 0.006787419668165458 0
244 0.003755596405880223 0
245 0.0012422438642235819 0
246 0.003177050065871976 0
247 0.008625092830909183 0
248 0.0011920511600911976 0
249 0.0032766949370821143 0
250 0.014483543690860847 0
251 0.017619621014397586 0
252 0.004906347547914162 0
253 0.008853328064515413 0
254 0.006317601315438595 0
255 0.013641970040351366 0
256 0.043957256360534346 0
257 0.23458159547167431 0
258 0.09780047587025235 0
259 0.004523938972713326 0
260 0.0025828043608043076 0
261 0.00910071526203573 0
262 0.0037337520089489335 0
263 0.0006907690674312259 0
264 0.0007261853217833762 0
265 0.00036426455233700436 0
266 0.0019379406444973457 0
267 0.00026255902515343195 0
268 0.0002572546792613811 0
269 0.0010256917136167649 0
270 0.0009711048133659877 0
